{
  "advancedEditorSelectedIdentifier" : "ProjectBrowser",
  "openSceneRelativePaths" : [
    "Immersive.usda",
    "Scene.usda"
  ],
  "recentIdentifiers" : {
    "AF09ED6F-1707-48FD-8720-65B998362C09" : [

    ],
    "D66134B1-3681-4A8E-AFE5-29F257229F3B" : [

    ]
  },
  "sceneCameraHistory" : {
    "AF09ED6F-1707-48FD-8720-65B998362C09" : [
      {
        "date" : 751062387.307585,
        "title" : "Untitled",
        "transform" : [
          0.9992656,
          -3.0383163e-10,
          0.038317062,
          0,
          0.03829372,
          0.03489951,
          -0.998657,
          0,
          -0.0013372492,
          0.99939084,
          0.03487393,
          0,
          -0.0057458067,
          0.7754048,
          0.04465533,
          1
        ]
      },
      {
        "date" : 751062376.186973,
        "title" : "Untitled",
        "transform" : [
          0.9992656,
          -3.0383163e-10,
          0.038317062,
          0,
          0.03829372,
          0.03489951,
          -0.998657,
          0,
          -0.0013372492,
          0.99939084,
          0.03487393,
          0,
          0.00021698246,
          0.7758972,
          0.03077317,
          1
        ]
      },
      {
        "date" : 751062362.25125,
        "title" : "Untitled",
        "transform" : [
          0.9993551,
          -3.0383163e-10,
          0.035907835,
          0,
          0.03588596,
          0.03489951,
          -0.9987464,
          0,
          -0.0012531682,
          0.99939084,
          0.03487705,
          0,
          -0.00013440032,
          1.1081809,
          0.042371728,
          1
        ]
      },
      {
        "date" : 751062354.328391,
        "title" : "Untitled",
        "transform" : [
          0.999395,
          -3.0383163e-10,
          0.034779392,
          0,
          0.034758203,
          0.03489951,
          -0.9987863,
          0,
          -0.0012137862,
          0.99939096,
          0.034878448,
          0,
          -0.00083902903,
          1.7243046,
          0.063875765,
          1
        ]
      },
      {
        "date" : 751062352.599004,
        "title" : "Untitled",
        "transform" : [
          0.9987699,
          -5.3150684e-10,
          0.049585987,
          0,
          0.035062585,
          0.7071068,
          -0.7062369,
          0,
          -0.035062592,
          0.70710677,
          0.706237,
          0,
          -0.059246544,
          1.2175198,
          1.2212462,
          1
        ]
      },
      {
        "date" : 751062334.16712,
        "title" : "Untitled",
        "transform" : [
          0.9974546,
          -5.3150684e-10,
          0.0713048,
          0,
          0.0504201,
          0.7071068,
          -0.7053068,
          0,
          -0.05042011,
          0.70710677,
          0.70530695,
          0,
          -0.017030805,
          0.24762964,
          0.24990702,
          1
        ]
      },
      {
        "date" : 751051252.8881,
        "title" : "Untitled",
        "transform" : [
          0.9974546,
          -5.3150684e-10,
          0.0713048,
          0,
          0.0504201,
          0.7071068,
          -0.7053068,
          0,
          -0.05042011,
          0.70710677,
          0.70530695,
          0,
          -0.5170307,
          1.7476294,
          -1.250093,
          1
        ]
      },
      {
        "date" : 751051250.103142,
        "title" : "Untitled",
        "transform" : [
          0.9974546,
          -5.3150684e-10,
          0.0713048,
          0,
          0.0504201,
          0.7071068,
          -0.7053068,
          0,
          -0.05042011,
          0.70710677,
          0.70530695,
          0,
          0.48296916,
          1.7476294,
          -1.2500931,
          1
        ]
      },
      {
        "date" : 751051248.582276,
        "title" : "Untitled",
        "transform" : [
          0.9974546,
          -5.3150684e-10,
          0.0713048,
          0,
          0.0504201,
          0.7071068,
          -0.7053068,
          0,
          -0.05042011,
          0.70710677,
          0.70530695,
          0,
          -0.51703066,
          1.7476294,
          -1.250093,
          1
        ]
      },
      {
        "date" : 751051245.16962,
        "title" : "Untitled",
        "transform" : [
          0.9974546,
          -5.3150684e-10,
          0.0713048,
          0,
          0.0504201,
          0.7071068,
          -0.7053068,
          0,
          -0.05042011,
          0.70710677,
          0.70530695,
          0,
          -0.51703066,
          1.7476295,
          -1.250093,
          1
        ]
      }
    ],
    "D66134B1-3681-4A8E-AFE5-29F257229F3B" : [
      {
        "date" : 751064234.836788,
        "title" : "Untitled",
        "transform" : [
          1,
          0,
          0,
          0,
          0,
          1,
          0,
          0,
          0,
          0,
          1,
          0,
          0,
          1.1920929e-07,
          1.2043974,
          1
        ]
      },
      {
        "date" : 751064227.400747,
        "title" : "Untitled",
        "transform" : [
          1,
          0,
          0,
          0,
          0,
          0.7071069,
          -0.70710677,
          0,
          0,
          0.70710677,
          0.7071069,
          0,
          0.029153705,
          1.5937725,
          2.0638082,
          1
        ]
      }
    ]
  },
  "sceneViewportBackgroundColors" : {

  },
  "selectedSceneRelativePath" : "Scene.usda"
}